t = 0
N_ID / N_ID , 0 , 1 , 2 , 3 , 4 , 5 , 6 , 7 , 8 , 9 , 10 , 11 , 12 , 13 , 14 , 15 , 16 , 17 , 18 , 19 , 20 , 21 , 22 , 23 , 24 , 25 , 26 , 27 , 28 , 29 , 30 , 31 , 32 , 33 , 34 , 35 , 36 , 37 , 38 , 39
0 , -0.970702 , 0.356883 , 0.554582 , 0.68685 , -0.358196 , 0.765007 , 0.00955229 , 0.437727 , 0.412915 , 0.0802332 , 0.505264 , 0.640858 , 0.352062 , 0.704093 , 0.25071 , 0.923765 , 0.890439 , 0.933317 , 0.847713 , 0.805261 , 0.260323 , 0.0388501 , 0.0419324 , 0.0715354 , 0.671316 , 0.91583 , 0.36729 , 0.347575 , 0.364147 , 0.733238 , 0.288827 , 0.677847 , 0.243843 , 0.0187689 , 0.00109867 , 0.821589 , 0.213569 , 0.533738 , 0.0504471 , 0.953185
1 , 0.0216987 , 0.341288 , 0.676382 , 0.105441 , -0.905026 , 0.67217 , 0.970336 , -0.761345 , 0.439406 , 0.614063 , 0.729606 , 0.590045 , 0.272011 , 0.450301 , 0.799127 , 0.0472427 , 0.950743 , 0.335368 , 0.0831629 , 0.421216 , 0.162908 , 0.167302 , 0.385601 , 0.119114 , 0.0812098 , 0.956389 , 0.533586 , 0.820307 , 0.295846 , 0.229926 , 0.900357 , 0.71865 , 0.835475 , 0.878567 , 0.196783 , 0.469527 , 0.918241 , 0.749046 , 0.989319 , 0.67861
2 , 0.28254 , 0.286538 , 0.0939055 , 0.363079 , 0.600482 , 0.861568 , 0.806299 , 0.202002 , 0.535447 , 0.87524 , 0.250496 , 0.643269 , 0.171667 , 0.52852 , 0.0908231 , 0.782403 , 0.935881 , 0.968078 , 0.682424 , 0.0314035 , 0.565264 , 0.163884 , 0.375713 , 0.983856 , 0.338725 , 0.565844 , 0.785974 , 0.262612 , 0.205329 , 0.287423 , 0.907926 , 0.963713 , 0.524369 , 0.445418 , 0.738212 , 0.564318 , 0.161138 , 0.960479 , 0.757897 , 0.152165
3 , -0.413038 , 0.0136113 , 0.0819117 , 0.552446 , 0.32371 , 0.202612 , 0.355052 , 0.162175 , 0.532884 , 0.494247 , 0.329081 , 0.328135 , 0.390271 , 0.308786 , 0.312693 , 0.518509 , 0.722221 , 0.0672628 , 0.906766 , 0.227302 , 0.725272 , 0.701621 , 0.233375 , 0.13245 , 0.933836 , 0.75573 , 0.642109 , 0.0599078 , 0.099765 , 0.822138 , 0.223304 , 0.595843 , 0.745201 , 0.732139 , 0.653951 , 0.590167 , 0.339457 , 0.0934782 , 0.8493 , 0.288369
4 , 0.650777 , 0.524155 , 0.563891 , 0.578692 , 0.671651 , 0.0329905 , 0.437971 , 0.0700095 , 0.262581 , -0.919126 , 0.441969 , 0.313425 , 0.365734 , 0.503159 , 0.80755 , 0.75222 , 0.479476 , 0.462233 , 0.934538 , 0.0564592 , 0.162755 , 0.0600299 , 0.888852 , 0.663686 , 0.294107 , 0.226081 , 0.0670187 , 0.87402 , 0.724815 , 0.646077 , 0.0690329 , 0.843928 , 0.596637 , 0.979095 , 0.271676 , 0.971831 , 0.565233 , 0.758263 , 0.168889 , 0.961821
5 , 0.262551 , 0.748222 , 0.500168 , 0.964202 , 0.532395 , 0.553087 , 0.478957 , -0.390698 , 0.737266 , 0.299203 , 0.998901 , 0.120182 , 0.28428 , 0.261452 , 0.186651 , 0.349254 , 0.277291 , 0.284402 , 0.493088 , 0.960295 , 0.288247 , 0.785485 , 0.92288 , 0.780908 , 0.0386975 , 0.650838 , 0.039552 , 0.740898 , 0.443312 , 0.377117 , 0.169652 , 0.705496 , 0.345592 , 0.189459 , 0.0342418 , 0.422285 , 0.794397 , 0.409711 , 0.475631 , 0.979858
6 , 0.639271 , 0.1442 , 0.370281 , -0.579882 , 0.979278 , 0.28663 , 0.930113 , 0.829615 , 0.995788 , 0.71981 , 0.0314646 , 0.569018 , 0.356975 , 0.909757 , 0.225318 , 0.855037 , 0.131199 , 0.631764 , 0.0863674 , 0.0727256 , 0.156896 , 0.476119 , 0.633106 , 0.389691 , 0.35725 , 0.0877102 , 0.243751 , 0.293344 , 0.239418 , 0.474044 , 0.0681783 , 0.794397 , 0.0558794 , 0.789483 , 0.44145 , 0.415418 , 0.0805994 , 0.632893 , 0.948576 , 0.180212
7 , -0.0112003 , 0.0134892 , 0.697409 , 0.957823 , 0.0757775 , 0.912107 , -0.533647 , -0.166845 , 0.000793481 , 0.471114 , 0.133702 , 0.495193 , 0.504318 , 0.362499 , 0.823084 , 0.38554 , 0.269448 , 0.219337 , 0.0994903 , 0.412122 , 0.347484 , 0.69216 , 0.225593 , 0.820612 , 0.513596 , 0.513596 , 0.88522 , 0.108615 , 0.847468 , 0.39671 , 0.567553 , 0.313486 , 0.342265 , 0.413434 , 0.116031 , 0.783624 , 0.954344 , 0.552965 , 0.87814 , 0.653737
8 , 0.583575 , 0.191595 , 0.994659 , -0.183874 , 0.848354 , 0.786523 , 0.976074 , 0.976257 , -0.990814 , -0.770806 , 0.435743 , 0.762322 , 0.730461 , 0.740043 , 0.809381 , 0.129276 , 0.901517 , 0.547197 , 0.561754 , 0.996277 , 0.966216 , 0.991028 , 0.131016 , 0.676778 , 0.47496 , 0.484542 , 0.632557 , 0.181066 , 0.00561541 , 0.891232 , 0.296945 , 0.152257 , 0.249306 , 0.813959 , 0.995575 , 0.440382 , 0.926572 , 0.370342 , 0.482681 , 0.0918302
9 , 0.0104373 , 0.561632 , 0.366039 , 0.326426 , 0.895871 , 0.736137 , -0.686911 , 0.156926 , 0.493606 , 0.581256 , 0.892087 , 0.106296 , 0.968017 , 0.221961 , 0.876278 , 0.992096 , 0.27015 , 0.61745 , 0.848628 , 0.413007 , 0.775597 , 0.087405 , 0.446272 , 0.806543 , 0.665639 , 0.920988 , 0.68392 , 0.519822 , 0.8352 , 0.400159 , 0.403333 , 0.109531 , 0.255257 , 0.897031 , 0.648396 , 0.228095 , 0.11771 , 0.0210273 , 0.849788 , 0.259468

t = 1
N_ID / N_ID , 0 , 1 , 2 , 3 , 4 , 5 , 6 , 7 , 8 , 9 , 10 , 11 , 12 , 13 , 14 , 15 , 16 , 17 , 18 , 19 , 20 , 21 , 22 , 23 , 24 , 25 , 26 , 27 , 28 , 29 , 30 , 31 , 32 , 33 , 34 , 35 , 36 , 37 , 38 , 39
0 , -0.976562 , 0.356883 , 0.554582 , 0.74948 , -0.358196 , 0.765007 , 0.00955229 , 0.550182 , 0.412915 , 0.264187 , 0.505264 , 0.712687 , 0.481649 , 0.763274 , 0.25071 , 0.939012 , 0.890439 , 0.933317 , 0.87817 , 0.844209 , 0.408258 , 0.0388501 , 0.233546 , 0.0715354 , 0.737053 , 0.91583 , 0.36729 , 0.47806 , 0.364147 , 0.733238 , 0.288827 , 0.677847 , 0.395074 , 0.215015 , 0.00109867 , 0.821589 , 0.370855 , 0.533738 , 0.0504471 , 0.953185
1 , 0.0173589 , 0.341288 , 0.676382 , 0.0843532 , -0.905026 , 0.67217 , 0.970336 , -0.609076 , 0.439406 , 0.49125 , 0.729606 , 0.472036 , 0.217609 , 0.36024 , 0.799127 , 0.0377941 , 0.950743 , 0.335368 , 0.0665304 , 0.336973 , 0.130326 , 0.167302 , 0.308481 , 0.119114 , 0.0649678 , 0.956389 , 0.533586 , 0.656246 , 0.295846 , 0.229926 , 0.900357 , 0.71865 , 0.66838 , 0.702854 , 0.196783 , 0.469527 , 0.734593 , 0.749046 , 0.989319 , 0.67861
2 , 0.226032 , 0.286538 , 0.0939055 , 0.290463 , 0.600482 , 0.861568 , 0.806299 , 0.161602 , 0.535447 , 0.700192 , 0.250496 , 0.514615 , 0.137333 , 0.422816 , 0.0908231 , 0.625922 , 0.935881 , 0.968078 , 0.54594 , 0.0251228 , 0.452211 , 0.163884 , 0.300571 , 0.983856 , 0.27098 , 0.565844 , 0.785974 , 0.210089 , 0.205329 , 0.287423 , 0.907926 , 0.963713 , 0.419495 , 0.356334 , 0.738212 , 0.564318 , 0.12891 , 0.960479 , 0.757897 , 0.152165
3 , -0.53043 , 0.0136113 , 0.0819117 , 0.641957 , 0.32371 , 0.202612 , 0.355052 , 0.32974 , 0.532884 , 0.595398 , 0.329081 , 0.462508 , 0.512217 , 0.447029 , 0.312693 , 0.614808 , 0.722221 , 0.0672628 , 0.925413 , 0.381841 , 0.780218 , 0.701621 , 0.3867 , 0.13245 , 0.947069 , 0.75573 , 0.642109 , 0.247926 , 0.099765 , 0.822138 , 0.223304 , 0.595843 , 0.796161 , 0.785711 , 0.653951 , 0.590167 , 0.471566 , 0.0934782 , 0.8493 , 0.288369
4 , 0.520621 , 0.524155 , 0.563891 , 0.462954 , 0.671651 , 0.0329905 , 0.437971 , 0.0560076 , 0.262581 , -0.735301 , 0.441969 , 0.25074 , 0.292587 , 0.402527 , 0.80755 , 0.601776 , 0.479476 , 0.462233 , 0.74763 , 0.0451674 , 0.130204 , 0.0600299 , 0.711081 , 0.663686 , 0.235285 , 0.226081 , 0.0670187 , 0.699216 , 0.724815 , 0.646077 , 0.0690329 , 0.843928 , 0.477309 , 0.783276 , 0.271676 , 0.971831 , 0.452187 , 0.758263 , 0.168889 , 0.961821
5 , 0.210041 , 0.748222 , 0.500168 , 0.771361 , 0.532395 , 0.553087 , 0.478957 , -0.312558 , 0.737266 , 0.239363 , 0.998901 , 0.0961455 , 0.227424 , 0.209162 , 0.186651 , 0.279403 , 0.277291 , 0.284402 , 0.39447 , 0.768236 , 0.230598 , 0.785485 , 0.738304 , 0.780908 , 0.030958 , 0.650838 , 0.039552 , 0.592718 , 0.443312 , 0.377117 , 0.169652 , 0.705496 , 0.276473 , 0.151567 , 0.0342418 , 0.422285 , 0.635517 , 0.409711 , 0.475631 , 0.979858
6 , 0.511417 , 0.1442 , 0.370281 , -0.463906 , 0.979278 , 0.28663 , 0.930113 , 0.663692 , 0.995788 , 0.575848 , 0.0314646 , 0.455214 , 0.28558 , 0.727805 , 0.225318 , 0.68403 , 0.131199 , 0.631764 , 0.0690939 , 0.0581805 , 0.125517 , 0.476119 , 0.506485 , 0.389691 , 0.2858 , 0.0877102 , 0.243751 , 0.234675 , 0.239418 , 0.474044 , 0.0681783 , 0.794397 , 0.0447035 , 0.631587 , 0.44145 , 0.415418 , 0.0644795 , 0.632893 , 0.948576 , 0.180212
7 , -0.20896 , 0.0134892 , 0.697409 , 0.966259 , 0.0757775 , 0.912107 , -0.533647 , -0.333476 , 0.000793481 , 0.576891 , 0.133702 , 0.596155 , 0.603455 , 0.489999 , 0.823084 , 0.508432 , 0.269448 , 0.219337 , 0.279592 , 0.529698 , 0.477987 , 0.69216 , 0.380474 , 0.820612 , 0.610877 , 0.513596 , 0.88522 , 0.286892 , 0.847468 , 0.39671 , 0.567553 , 0.313486 , 0.473812 , 0.530747 , 0.116031 , 0.783624 , 0.963475 , 0.552965 , 0.87814 , 0.653737
8 , 0.46686 , 0.191595 , 0.994659 , -0.147099 , 0.848354 , 0.786523 , 0.976074 , 0.781005 , -0.990814 , -0.616645 , 0.435743 , 0.609857 , 0.584368 , 0.592035 , 0.809381 , 0.103421 , 0.901517 , 0.547197 , 0.449403 , 0.797021 , 0.772973 , 0.991028 , 0.104813 , 0.676778 , 0.379968 , 0.484542 , 0.632557 , 0.144853 , 0.00561541 , 0.891232 , 0.296945 , 0.152257 , 0.199445 , 0.651167 , 0.995575 , 0.440382 , 0.741258 , 0.370342 , 0.482681 , 0.0918302
9 , 0.20835 , 0.561632 , 0.366039 , 0.461141 , 0.895871 , 0.736137 , -0.686911 , 0.325541 , 0.493606 , 0.665004 , 0.892087 , 0.285037 , 0.974413 , 0.377569 , 0.876278 , 0.993677 , 0.27015 , 0.61745 , 0.878903 , 0.530406 , 0.820478 , 0.087405 , 0.557018 , 0.806543 , 0.732511 , 0.920988 , 0.68392 , 0.615857 , 0.8352 , 0.400159 , 0.403333 , 0.109531 , 0.404205 , 0.917624 , 0.648396 , 0.228095 , 0.294168 , 0.0210273 , 0.849788 , 0.259468

t = 2
N_ID / N_ID , 0 , 1 , 2 , 3 , 4 , 5 , 6 , 7 , 8 , 9 , 10 , 11 , 12 , 13 , 14 , 15 , 16 , 17 , 18 , 19 , 20 , 21 , 22 , 23 , 24 , 25 , 26 , 27 , 28 , 29 , 30 , 31 , 32 , 33 , 34 , 35 , 36 , 37 , 38 , 39
0 , -0.981249 , 0.485507 , 0.643666 , 0.799584 , -0.486557 , 0.812006 , 0.207642 , 0.640145 , 0.530332 , 0.411349 , 0.604212 , 0.712687 , 0.481649 , 0.810619 , 0.400568 , 0.951209 , 0.890439 , 0.933317 , 0.87817 , 0.844209 , 0.526607 , 0.23108 , 0.386837 , 0.257228 , 0.789642 , 0.932664 , 0.493832 , 0.582448 , 0.491318 , 0.78659 , 0.431062 , 0.742277 , 0.516059 , 0.372012 , 0.200879 , 0.857271 , 0.496684 , 0.626991 , 0.240358 , 0.962548
1 , 0.213887 , 0.473031 , 0.741105 , 0.267483 , -0.924021 , 0.737736 , 0.976269 , -0.687261 , 0.551524 , 0.593 , 0.783685 , 0.472036 , 0.217609 , 0.488192 , 0.839302 , 0.230235 , 0.950743 , 0.335368 , 0.0665304 , 0.336973 , 0.304261 , 0.333842 , 0.446785 , 0.295291 , 0.251974 , 0.965111 , 0.626868 , 0.724996 , 0.436677 , 0.383941 , 0.920286 , 0.77492 , 0.734704 , 0.762283 , 0.357427 , 0.575622 , 0.787674 , 0.799237 , 0.991455 , 0.742888
2 , 0.380826 , 0.429231 , 0.275124 , 0.43237 , 0.680386 , 0.889254 , 0.845039 , 0.329281 , 0.628358 , 0.760154 , 0.400397 , 0.514615 , 0.137333 , 0.538253 , 0.272658 , 0.700738 , 0.935881 , 0.968078 , 0.54594 , 0.0251228 , 0.561769 , 0.331108 , 0.440457 , 0.987085 , 0.416784 , 0.652675 , 0.828779 , 0.368072 , 0.364263 , 0.429939 , 0.926341 , 0.970971 , 0.535596 , 0.485067 , 0.79057 , 0.651454 , 0.303128 , 0.968383 , 0.806317 , 0.321732
3 , -0.624344 , 0.210889 , 0.265529 , 0.713565 , 0.458968 , 0.36209 , 0.484042 , 0.463792 , 0.626307 , 0.676318 , 0.463265 , 0.462508 , 0.512217 , 0.557623 , 0.450154 , 0.691846 , 0.722221 , 0.0672628 , 0.925413 , 0.381841 , 0.824174 , 0.761296 , 0.50936 , 0.30596 , 0.957655 , 0.804584 , 0.713688 , 0.398341 , 0.279812 , 0.85771 , 0.378643 , 0.676675 , 0.836929 , 0.828569 , 0.723161 , 0.672134 , 0.577253 , 0.274783 , 0.87944 , 0.430696
4 , 0.616497 , 0.619324 , 0.651112 , 0.570363 , 0.737321 , 0.226392 , 0.550377 , 0.244806 , 0.410065 , -0.788241 , 0.553575 , 0.25074 , 0.292587 , 0.522022 , 0.84604 , 0.681421 , 0.479476 , 0.462233 , 0.74763 , 0.0451674 , 0.304163 , 0.248024 , 0.768865 , 0.730949 , 0.388228 , 0.380865 , 0.253615 , 0.759373 , 0.779852 , 0.716861 , 0.255226 , 0.875143 , 0.581848 , 0.826621 , 0.417341 , 0.977465 , 0.561749 , 0.80661 , 0.335112 , 0.969457
5 , 0.368032 , 0.798578 , 0.600134 , 0.817089 , 0.625916 , 0.64247 , 0.583166 , -0.450047 , 0.789813 , 0.39149 , 0.999121 , 0.0961455 , 0.227424 , 0.367329 , 0.349321 , 0.423522 , 0.277291 , 0.284402 , 0.39447 , 0.768236 , 0.384478 , 0.828388 , 0.790643 , 0.824726 , 0.224766 , 0.72067 , 0.231642 , 0.674175 , 0.554649 , 0.501694 , 0.335722 , 0.764397 , 0.421179 , 0.321254 , 0.227393 , 0.537828 , 0.708414 , 0.527769 , 0.580505 , 0.983886
6 , 0.609134 , 0.31536 , 0.496225 , -0.571125 , 0.983422 , 0.429304 , 0.94409 , 0.730954 , 0.996631 , 0.660678 , 0.225172 , 0.455214 , 0.28558 , 0.782244 , 0.380255 , 0.747224 , 0.131199 , 0.631764 , 0.0690939 , 0.0581805 , 0.300413 , 0.580895 , 0.605188 , 0.511753 , 0.42864 , 0.270168 , 0.395001 , 0.38774 , 0.391534 , 0.579235 , 0.254543 , 0.835517 , 0.235763 , 0.705269 , 0.55316 , 0.532334 , 0.251584 , 0.706314 , 0.958861 , 0.344169
7 , -0.367168 , 0.210791 , 0.757927 , 0.973007 , 0.260622 , 0.929685 , -0.626917 , -0.466781 , 0.200635 , 0.661513 , 0.306961 , 0.596155 , 0.603455 , 0.591999 , 0.858467 , 0.606746 , 0.269448 , 0.219337 , 0.279592 , 0.529698 , 0.58239 , 0.753728 , 0.504379 , 0.85649 , 0.688701 , 0.610877 , 0.908176 , 0.429514 , 0.877975 , 0.517368 , 0.654042 , 0.450789 , 0.57905 , 0.624598 , 0.292825 , 0.826899 , 0.97078 , 0.642372 , 0.902512 , 0.72299
8 , 0.573488 , 0.353276 , 0.995727 , -0.317679 , 0.878683 , 0.829218 , 0.980859 , 0.824804 , -0.992651 , -0.693316 , 0.548595 , 0.609857 , 0.584368 , 0.673628 , 0.847505 , 0.282737 , 0.901517 , 0.547197 , 0.449403 , 0.797021 , 0.818378 , 0.992822 , 0.28385 , 0.741423 , 0.503974 , 0.587634 , 0.706046 , 0.315882 , 0.204492 , 0.912986 , 0.437556 , 0.321805 , 0.359556 , 0.720934 , 0.99646 , 0.552306 , 0.793006 , 0.496274 , 0.586145 , 0.273464
9 , 0.36668 , 0.649306 , 0.492831 , 0.568913 , 0.916697 , 0.78891 , -0.749529 , 0.460433 , 0.594885 , 0.732004 , 0.913669 , 0.285037 , 0.974413 , 0.502055 , 0.901022 , 0.994941 , 0.27015 , 0.61745 , 0.878903 , 0.530406 , 0.856382 , 0.269924 , 0.645614 , 0.845235 , 0.786009 , 0.93679 , 0.747136 , 0.692686 , 0.86816 , 0.520127 , 0.522666 , 0.287625 , 0.523364 , 0.9341 , 0.718717 , 0.382476 , 0.435334 , 0.216822 , 0.87983 , 0.407575

t = 3
N_ID / N_ID , 0 , 1 , 2 , 3 , 4 , 5 , 6 , 7 , 8 , 9 , 10 , 11 , 12 , 13 , 14 , 15 , 16 , 17 , 18 , 19 , 20 , 21 , 22 , 23 , 24 , 25 , 26 , 27 , 28 , 29 , 30 , 31 , 32 , 33 , 34 , 35 , 36 , 37 , 38 , 39
0 , -0.985 , 0.588405 , 0.714933 , 0.839667 , -0.589245 , 0.849605 , 0.366113 , 0.712116 , 0.624266 , 0.529079 , 0.604212 , 0.770149 , 0.481649 , 0.810619 , 0.400568 , 0.951209 , 0.890439 , 0.933317 , 0.902536 , 0.875367 , 0.621285 , 0.384864 , 0.509469 , 0.405783 , 0.831714 , 0.946131 , 0.595066 , 0.665959 , 0.593054 , 0.829272 , 0.544849 , 0.793822 , 0.612848 , 0.49761 , 0.360703 , 0.885817 , 0.597347 , 0.701592 , 0.392286 , 0.970038
1 , 0.37111 , 0.578425 , 0.792884 , 0.413986 , -0.939217 , 0.790189 , 0.981015 , -0.749809 , 0.641219 , 0.6744 , 0.783685 , 0.577629 , 0.217609 , 0.488192 , 0.839302 , 0.230235 , 0.950743 , 0.335368 , 0.253224 , 0.469579 , 0.443409 , 0.467074 , 0.557428 , 0.436233 , 0.401579 , 0.972089 , 0.701495 , 0.779997 , 0.549342 , 0.507153 , 0.936229 , 0.819936 , 0.787763 , 0.809826 , 0.485941 , 0.660497 , 0.830139 , 0.83939 , 0.993164 , 0.79431
2 , 0.504661 , 0.543384 , 0.420099 , 0.545896 , 0.744309 , 0.911404 , 0.876031 , 0.463425 , 0.702686 , 0.808123 , 0.400397 , 0.611692 , 0.137333 , 0.538253 , 0.272658 , 0.700738 , 0.935881 , 0.968078 , 0.636752 , 0.220098 , 0.649415 , 0.464886 , 0.552365 , 0.989668 , 0.533427 , 0.72214 , 0.863023 , 0.494457 , 0.49141 , 0.543951 , 0.941072 , 0.976777 , 0.628477 , 0.588054 , 0.832456 , 0.721163 , 0.442503 , 0.974706 , 0.845054 , 0.457386
3 , -0.699475 , 0.368711 , 0.412423 , 0.770852 , 0.567174 , 0.489672 , 0.587233 , 0.571034 , 0.701046 , 0.741055 , 0.463265 , 0.570006 , 0.512217 , 0.557623 , 0.450154 , 0.691846 , 0.722221 , 0.0672628 , 0.94033 , 0.505473 , 0.859339 , 0.809037 , 0.607488 , 0.444768 , 0.966124 , 0.843667 , 0.77095 , 0.518673 , 0.42385 , 0.886168 , 0.502915 , 0.74134 , 0.869543 , 0.862855 , 0.778528 , 0.737707 , 0.661802 , 0.419826 , 0.903552 , 0.544556
4 , 0.693198 , 0.695459 , 0.72089 , 0.65629 , 0.789857 , 0.381114 , 0.640302 , 0.395845 , 0.528052 , -0.830593 , 0.553575 , 0.400592 , 0.292587 , 0.522022 , 0.84604 , 0.681421 , 0.479476 , 0.462233 , 0.798104 , 0.236134 , 0.443331 , 0.398419 , 0.815092 , 0.784759 , 0.510583 , 0.504692 , 0.402892 , 0.807498 , 0.823881 , 0.773489 , 0.404181 , 0.900114 , 0.665478 , 0.861297 , 0.533872 , 0.981972 , 0.649399 , 0.845288 , 0.468089 , 0.975566
5 , 0.494426 , 0.838862 , 0.680107 , 0.853671 , 0.700733 , 0.713976 , 0.666533 , -0.560037 , 0.83185 , 0.513192 , 0.999121 , 0.276916 , 0.227424 , 0.367329 , 0.349321 , 0.423522 , 0.277291 , 0.284402 , 0.515576 , 0.814589 , 0.507583 , 0.862711 , 0.832514 , 0.859781 , 0.379813 , 0.776536 , 0.385313 , 0.73934 , 0.64372 , 0.601355 , 0.468578 , 0.811518 , 0.536943 , 0.457003 , 0.381915 , 0.630262 , 0.766731 , 0.622215 , 0.664404 , 0.987109
6 , 0.687307 , 0.452288 , 0.59698 , -0.6569 , 0.986738 , 0.543443 , 0.955272 , 0.784763 , 0.997305 , 0.728543 , 0.225172 , 0.564171 , 0.28558 , 0.782244 , 0.380255 , 0.747224 , 0.131199 , 0.631764 , 0.255275 , 0.246544 , 0.440331 , 0.664716 , 0.684151 , 0.609402 , 0.542912 , 0.416135 , 0.516001 , 0.510192 , 0.513227 , 0.663388 , 0.403634 , 0.868414 , 0.38861 , 0.764215 , 0.642528 , 0.625867 , 0.401267 , 0.765051 , 0.967089 , 0.475336
7 , -0.493735 , 0.368633 , 0.806342 , 0.978406 , 0.408498 , 0.943748 , -0.701534 , -0.573424 , 0.360508 , 0.72921 , 0.306961 , 0.676924 , 0.603455 , 0.591999 , 0.858467 , 0.606746 , 0.269448 , 0.219337 , 0.423674 , 0.623758 , 0.665912 , 0.802982 , 0.603504 , 0.885192 , 0.750961 , 0.688701 , 0.926541 , 0.543611 , 0.90238 , 0.613894 , 0.723234 , 0.560631 , 0.66324 , 0.699678 , 0.43426 , 0.861519 , 0.976624 , 0.713898 , 0.922009 , 0.778392
8 , 0.65879 , 0.482621 , 0.996582 , -0.454143 , 0.902946 , 0.863375 , 0.984687 , 0.859843 , -0.994121 , -0.754653 , 0.548595 , 0.687886 , 0.584368 , 0.673628 , 0.847505 , 0.282737 , 0.901517 , 0.547197 , 0.559523 , 0.837617 , 0.854703 , 0.994258 , 0.42708 , 0.793138 , 0.603179 , 0.670107 , 0.764837 , 0.452706 , 0.363594 , 0.930389 , 0.550045 , 0.457444 , 0.487645 , 0.776747 , 0.997168 , 0.641845 , 0.834405 , 0.597019 , 0.668916 , 0.418771
9 , 0.493344 , 0.719445 , 0.594265 , 0.65513 , 0.933357 , 0.831128 , -0.799623 , 0.568346 , 0.675908 , 0.785603 , 0.913669 , 0.428029 , 0.974413 , 0.502055 , 0.901022 , 0.994941 , 0.27015 , 0.61745 , 0.903122 , 0.624324 , 0.885106 , 0.415939 , 0.716491 , 0.876188 , 0.828807 , 0.949432 , 0.797709 , 0.754149 , 0.894528 , 0.616102 , 0.618133 , 0.4301 , 0.618692 , 0.94728 , 0.774974 , 0.505981 , 0.548267 , 0.373457 , 0.903864 , 0.52606

t = 4
N_ID / N_ID , 0 , 1 , 2 , 3 , 4 , 5 , 6 , 7 , 8 , 9 , 10 , 11 , 12 , 13 , 14 , 15 , 16 , 17 , 18 , 19 , 20 , 21 , 22 , 23 , 24 , 25 , 26 , 27 , 28 , 29 , 30 , 31 , 32 , 33 , 34 , 35 , 36 , 37 , 38 , 39
0 , -0.988 , 0.670724 , 0.771946 , 0.871734 , -0.671396 , 0.879684 , 0.492891 , 0.769693 , 0.699413 , 0.623263 , 0.683369 , 0.816119 , 0.585319 , 0.810619 , 0.520454 , 0.951209 , 0.912351 , 0.933317 , 0.902536 , 0.900294 , 0.697028 , 0.507891 , 0.607576 , 0.524626 , 0.865371 , 0.956905 , 0.676053 , 0.732767 , 0.674443 , 0.863418 , 0.63588 , 0.835057 , 0.690278 , 0.598088 , 0.488563 , 0.908653 , 0.677878 , 0.761274 , 0.513829 , 0.97603
1 , 0.496888 , 0.66274 , 0.834307 , 0.531189 , -0.951374 , 0.832151 , 0.984812 , -0.799847 , 0.712976 , 0.73952 , 0.826948 , 0.662103 , 0.374087 , 0.488192 , 0.871441 , 0.230235 , 0.960595 , 0.335368 , 0.253224 , 0.575663 , 0.554727 , 0.573659 , 0.645942 , 0.548986 , 0.521264 , 0.977671 , 0.761196 , 0.823998 , 0.639473 , 0.605722 , 0.948983 , 0.855949 , 0.83021 , 0.847861 , 0.588753 , 0.728398 , 0.864111 , 0.871512 , 0.994531 , 0.835448
2 , 0.603729 , 0.634708 , 0.53608 , 0.636717 , 0.795447 , 0.929123 , 0.900825 , 0.57074 , 0.762149 , 0.846498 , 0.520317 , 0.689354 , 0.309867 , 0.538253 , 0.418127 , 0.700738 , 0.948704 , 0.968078 , 0.636752 , 0.376079 , 0.719532 , 0.571909 , 0.641892 , 0.991734 , 0.626742 , 0.777712 , 0.890419 , 0.595566 , 0.593128 , 0.635161 , 0.952858 , 0.981421 , 0.702782 , 0.670443 , 0.865965 , 0.776931 , 0.554002 , 0.979765 , 0.876043 , 0.565909
3 , -0.75958 , 0.494969 , 0.529939 , 0.816682 , 0.653739 , 0.591738 , 0.669787 , 0.656827 , 0.760836 , 0.792844 , 0.570612 , 0.656005 , 0.609773 , 0.557623 , 0.560123 , 0.691846 , 0.777776 , 0.0672628 , 0.94033 , 0.604379 , 0.887472 , 0.84723 , 0.68599 , 0.555815 , 0.972899 , 0.874934 , 0.81676 , 0.614938 , 0.53908 , 0.908935 , 0.602332 , 0.793072 , 0.895634 , 0.890284 , 0.822823 , 0.790165 , 0.729442 , 0.535861 , 0.922841 , 0.635645
4 , 0.754558 , 0.756368 , 0.776712 , 0.725032 , 0.831885 , 0.504891 , 0.712241 , 0.516676 , 0.622442 , -0.864474 , 0.64286 , 0.520474 , 0.43407 , 0.522022 , 0.876832 , 0.681421 , 0.583581 , 0.462233 , 0.798104 , 0.388907 , 0.554665 , 0.518735 , 0.852074 , 0.827807 , 0.608466 , 0.603754 , 0.522314 , 0.845998 , 0.859105 , 0.818791 , 0.523345 , 0.920091 , 0.732382 , 0.889037 , 0.627098 , 0.985578 , 0.71952 , 0.876231 , 0.574471 , 0.980452
5 , 0.595541 , 0.87109 , 0.744086 , 0.882937 , 0.760586 , 0.771181 , 0.733226 , -0.64803 , 0.86548 , 0.610554 , 0.999297 , 0.421533 , 0.381939 , 0.367329 , 0.479457 , 0.423522 , 0.421833 , 0.284402 , 0.515576 , 0.851671 , 0.606066 , 0.890169 , 0.866012 , 0.887825 , 0.503851 , 0.821229 , 0.508251 , 0.791472 , 0.714976 , 0.681084 , 0.574862 , 0.849214 , 0.629554 , 0.565602 , 0.505532 , 0.70421 , 0.813385 , 0.697772 , 0.731523 , 0.989687
6 , 0.749846 , 0.56183 , 0.677584 , -0.72552 , 0.98939 , 0.634754 , 0.964218 , 0.82781 , 0.997844 , 0.782834 , 0.380137 , 0.651337 , 0.428464 , 0.782244 , 0.504204 , 0.747224 , 0.304959 , 0.631764 , 0.255275 , 0.397236 , 0.552264 , 0.731773 , 0.74732 , 0.687522 , 0.634329 , 0.532908 , 0.612801 , 0.608154 , 0.610582 , 0.730711 , 0.522907 , 0.894731 , 0.510888 , 0.811372 , 0.714023 , 0.700694 , 0.521013 , 0.812041 , 0.973671 , 0.580268
7 , -0.594988 , 0.494906 , 0.845073 , 0.982724 , 0.526798 , 0.954999 , -0.761227 , -0.65874 , 0.488406 , 0.783368 , 0.445569 , 0.741539 , 0.682764 , 0.591999 , 0.886774 , 0.606746 , 0.415558 , 0.219337 , 0.423674 , 0.699006 , 0.732729 , 0.842386 , 0.682803 , 0.908153 , 0.800769 , 0.750961 , 0.941233 , 0.634889 , 0.921904 , 0.691116 , 0.778587 , 0.648505 , 0.730592 , 0.759743 , 0.547408 , 0.889215 , 0.981299 , 0.771118 , 0.937607 , 0.822713
8 , 0.727032 , 0.586097 , 0.997266 , -0.563315 , 0.922357 , 0.8907 , 0.98775 , 0.887875 , -0.995297 , -0.803722 , 0.638876 , 0.750309 , 0.667495 , 0.673628 , 0.878004 , 0.282737 , 0.921213 , 0.547197 , 0.559523 , 0.870094 , 0.883762 , 0.995406 , 0.541664 , 0.834511 , 0.682543 , 0.736086 , 0.811869 , 0.562165 , 0.490875 , 0.944311 , 0.640036 , 0.565956 , 0.590116 , 0.821398 , 0.997734 , 0.713476 , 0.867524 , 0.677615 , 0.735133 , 0.535017
9 , 0.594675 , 0.775556 , 0.675412 , 0.724104 , 0.946686 , 0.864902 , -0.839698 , 0.654677 , 0.740726 , 0.828482 , 0.930935 , 0.542424 , 0.979531 , 0.502055 , 0.920818 , 0.994941 , 0.41612 , 0.61745 , 0.903122 , 0.69946 , 0.908085 , 0.532751 , 0.773193 , 0.90095 , 0.863046 , 0.959546 , 0.838167 , 0.803319 , 0.915622 , 0.692881 , 0.694506 , 0.54408 , 0.694953 , 0.957824 , 0.819979 , 0.604785 , 0.638614 , 0.498766 , 0.923091 , 0.620848

t = 5
N_ID / N_ID , 0 , 1 , 2 , 3 , 4 , 5 , 6 , 7 , 8 , 9 , 10 , 11 , 12 , 13 , 14 , 15 , 16 , 17 , 18 , 19 , 20 , 21 , 22 , 23 , 24 , 25 , 26 , 27 , 28 , 29 , 30 , 31 , 32 , 33 , 34 , 35 , 36 , 37 , 38 , 39
0 , -0.9904 , 0.736579 , 0.817557 , 0.897387 , -0.737117 , 0.903747 , 0.594313 , 0.815754 , 0.75953 , 0.698611 , 0.746695 , 0.816119 , 0.585319 , 0.848495 , 0.520454 , 0.960968 , 0.929881 , 0.946654 , 0.902536 , 0.900294 , 0.757623 , 0.606313 , 0.68606 , 0.619701 , 0.892297 , 0.965524 , 0.740842 , 0.786213 , 0.739555 , 0.890734 , 0.708704 , 0.868046 , 0.752222 , 0.67847 , 0.59085 , 0.926923 , 0.742302 , 0.809019 , 0.611063 , 0.980824
1 , 0.59751 , 0.730192 , 0.867446 , 0.624951 , -0.961099 , 0.865721 , 0.98785 , -0.839878 , 0.77038 , 0.791616 , 0.861558 , 0.662103 , 0.374087 , 0.590554 , 0.871441 , 0.384188 , 0.968476 , 0.468294 , 0.253224 , 0.575663 , 0.643782 , 0.658927 , 0.716754 , 0.639189 , 0.617011 , 0.982137 , 0.808957 , 0.859198 , 0.711579 , 0.684578 , 0.959186 , 0.884759 , 0.864168 , 0.878289 , 0.671003 , 0.782718 , 0.891289 , 0.897209 , 0.995625 , 0.868358
2 , 0.682983 , 0.707766 , 0.628864 , 0.709374 , 0.836357 , 0.943298 , 0.92066 , 0.656592 , 0.809719 , 0.877199 , 0.616254 , 0.689354 , 0.309867 , 0.630602 , 0.418127 , 0.76059 , 0.958964 , 0.974462 , 0.636752 , 0.376079 , 0.775626 , 0.657527 , 0.713514 , 0.993387 , 0.701393 , 0.82217 , 0.912335 , 0.676453 , 0.674503 , 0.708129 , 0.962286 , 0.985137 , 0.762225 , 0.736354 , 0.892772 , 0.821545 , 0.643202 , 0.983812 , 0.900834 , 0.652727
3 , -0.807664 , 0.595975 , 0.623951 , 0.853346 , 0.722992 , 0.67339 , 0.735829 , 0.725462 , 0.808669 , 0.834275 , 0.656489 , 0.656005 , 0.609773 , 0.646099 , 0.560123 , 0.753477 , 0.822221 , 0.25381 , 0.94033 , 0.604379 , 0.909977 , 0.877784 , 0.748792 , 0.644652 , 0.978319 , 0.899947 , 0.853408 , 0.691951 , 0.631264 , 0.927148 , 0.681865 , 0.834458 , 0.916507 , 0.912227 , 0.858258 , 0.832132 , 0.783553 , 0.628689 , 0.938273 , 0.708516
4 , 0.803647 , 0.805094 , 0.82137 , 0.780026 , 0.865508 , 0.603913 , 0.769793 , 0.613341 , 0.697953 , -0.891579 , 0.714288 , 0.520474 , 0.43407 , 0.617617 , 0.876832 , 0.745137 , 0.666865 , 0.569787 , 0.798104 , 0.388907 , 0.643732 , 0.614988 , 0.881659 , 0.862246 , 0.686773 , 0.683003 , 0.617851 , 0.876799 , 0.887284 , 0.855033 , 0.618676 , 0.936073 , 0.785906 , 0.91123 , 0.701678 , 0.988462 , 0.775616 , 0.900984 , 0.659577 , 0.984362
5 , 0.676433 , 0.896872 , 0.795269 , 0.90635 , 0.808469 , 0.816944 , 0.786581 , -0.718424 , 0.892384 , 0.688443 , 0.999437 , 0.421533 , 0.381939 , 0.493863 , 0.479457 , 0.538818 , 0.537466 , 0.427522 , 0.515576 , 0.851671 , 0.684853 , 0.912135 , 0.892809 , 0.91026 , 0.60308 , 0.856983 , 0.6066 , 0.833177 , 0.771981 , 0.744867 , 0.65989 , 0.879371 , 0.703643 , 0.652482 , 0.604425 , 0.763368 , 0.850708 , 0.758218 , 0.785218 , 0.99175
6 , 0.799876 , 0.649464 , 0.742067 , -0.780416 , 0.991512 , 0.707804 , 0.971374 , 0.862248 , 0.998275 , 0.826267 , 0.50411 , 0.651337 , 0.428464 , 0.825795 , 0.504204 , 0.797779 , 0.443967 , 0.705411 , 0.255275 , 0.397236 , 0.641812 , 0.785418 , 0.797856 , 0.750017 , 0.707464 , 0.626326 , 0.690241 , 0.686523 , 0.688465 , 0.784568 , 0.618326 , 0.915785 , 0.608711 , 0.849098 , 0.771218 , 0.760555 , 0.616811 , 0.849633 , 0.978937 , 0.664215
7 , -0.67599 , 0.595925 , 0.876059 , 0.98618 , 0.621438 , 0.963999 , -0.808982 , -0.726992 , 0.590725 , 0.826695 , 0.556455 , 0.741539 , 0.682764 , 0.673599 , 0.886774 , 0.685397 , 0.532447 , 0.375469 , 0.423674 , 0.699006 , 0.786183 , 0.873909 , 0.746242 , 0.926523 , 0.840615 , 0.800769 , 0.952986 , 0.707911 , 0.937523 , 0.752892 , 0.82287 , 0.718804 , 0.784473 , 0.807794 , 0.637926 , 0.911372 , 0.98504 , 0.816894 , 0.950086 , 0.858171
8 , 0.781626 , 0.668877 , 0.997812 , -0.650652 , 0.937886 , 0.91256 , 0.9902 , 0.9103 , -0.996237 , -0.842978 , 0.711101 , 0.750309 , 0.667495 , 0.738902 , 0.878004 , 0.42619 , 0.936971 , 0.637757 , 0.559523 , 0.870094 , 0.90701 , 0.996325 , 0.633331 , 0.867608 , 0.746035 , 0.788869 , 0.849495 , 0.649732 , 0.5927 , 0.955449 , 0.712029 , 0.652764 , 0.672093 , 0.857118 , 0.998187 , 0.770781 , 0.894019 , 0.742092 , 0.788106 , 0.628014
9 , 0.67574 , 0.820445 , 0.74033 , 0.779283 , 0.957349 , 0.891922 , -0.871759 , 0.723742 , 0.792581 , 0.862786 , 0.944748 , 0.542424 , 0.979531 , 0.601644 , 0.920818 , 0.995953 , 0.532896 , 0.69396 , 0.903122 , 0.69946 , 0.926468 , 0.626201 , 0.818554 , 0.92076 , 0.890437 , 0.967637 , 0.870534 , 0.842655 , 0.932498 , 0.754305 , 0.755605 , 0.635264 , 0.755963 , 0.966259 , 0.855983 , 0.683828 , 0.710891 , 0.599013 , 0.938473 , 0.696678

t = 6
N_ID / N_ID , 0 , 1 , 2 , 3 , 4 , 5 , 6 , 7 , 8 , 9 , 10 , 11 , 12 , 13 , 14 , 15 , 16 , 17 , 18 , 19 , 20 , 21 , 22 , 23 , 24 , 25 , 26 , 27 , 28 , 29 , 30 , 31 , 32 , 33 , 34 , 35 , 36 , 37 , 38 , 39
0 , -0.99232 , 0.789264 , 0.854046 , 0.91791 , -0.789694 , 0.922998 , 0.67545 , 0.852603 , 0.807624 , 0.758889 , 0.797356 , 0.852895 , 0.668256 , 0.848495 , 0.520454 , 0.960968 , 0.929881 , 0.957323 , 0.922029 , 0.920235 , 0.806098 , 0.68505 , 0.748848 , 0.695761 , 0.913837 , 0.972419 , 0.792674 , 0.828971 , 0.791644 , 0.912587 , 0.766963 , 0.894437 , 0.801778 , 0.742776 , 0.67268 , 0.941538 , 0.793842 , 0.847215 , 0.688851 , 0.984659
1 , 0.678008 , 0.784153 , 0.893957 , 0.699961 , -0.968879 , 0.892577 , 0.99028 , -0.871902 , 0.816304 , 0.833293 , 0.889247 , 0.729682 , 0.49927 , 0.590554 , 0.871441 , 0.384188 , 0.968476 , 0.574635 , 0.402579 , 0.66053 , 0.715025 , 0.727142 , 0.773403 , 0.711351 , 0.693609 , 0.98571 , 0.847165 , 0.887359 , 0.769263 , 0.747662 , 0.967349 , 0.907807 , 0.891335 , 0.902631 , 0.736802 , 0.826175 , 0.913031 , 0.917768 , 0.9965 , 0.894687
2 , 0.746386 , 0.766213 , 0.703091 , 0.767499 , 0.869086 , 0.954639 , 0.936528 , 0.725274 , 0.847775 , 0.901759 , 0.693003 , 0.751483 , 0.447893 , 0.630602 , 0.418127 , 0.76059 , 0.958964 , 0.97957 , 0.709401 , 0.500863 , 0.8205 , 0.726022 , 0.770811 , 0.99471 , 0.761115 , 0.857736 , 0.929868 , 0.741162 , 0.739602 , 0.766503 , 0.969829 , 0.98811 , 0.80978 , 0.789084 , 0.914217 , 0.857236 , 0.714561 , 0.98705 , 0.920668 , 0.722181
3 , -0.846131 , 0.67678 , 0.699161 , 0.882676 , 0.778393 , 0.738712 , 0.788664 , 0.780369 , 0.846935 , 0.86742 , 0.725192 , 0.724804 , 0.687819 , 0.646099 , 0.560123 , 0.753477 , 0.822221 , 0.403048 , 0.952264 , 0.683503 , 0.927982 , 0.902227 , 0.799034 , 0.715721 , 0.982655 , 0.919958 , 0.882726 , 0.75356 , 0.705011 , 0.941718 , 0.745492 , 0.867566 , 0.933206 , 0.929782 , 0.886607 , 0.865706 , 0.826843 , 0.702951 , 0.950619 , 0.766813
4 , 0.842917 , 0.844075 , 0.857096 , 0.824021 , 0.892407 , 0.68313 , 0.815834 , 0.690673 , 0.758363 , -0.913263 , 0.771431 , 0.616379 , 0.547256 , 0.617617 , 0.876832 , 0.745137 , 0.666865 , 0.655829 , 0.838483 , 0.511126 , 0.714985 , 0.691991 , 0.905327 , 0.889797 , 0.749418 , 0.746402 , 0.694281 , 0.901439 , 0.909827 , 0.884026 , 0.694941 , 0.948858 , 0.828725 , 0.928984 , 0.761343 , 0.99077 , 0.820493 , 0.920788 , 0.727662 , 0.98749
5 , 0.741146 , 0.917498 , 0.836215 , 0.92508 , 0.846775 , 0.853556 , 0.829265 , -0.774739 , 0.913907 , 0.750754 , 0.99955 , 0.537226 , 0.505551 , 0.493863 , 0.479457 , 0.538818 , 0.537466 , 0.542017 , 0.612461 , 0.881337 , 0.747882 , 0.929708 , 0.914247 , 0.928208 , 0.682464 , 0.885586 , 0.68528 , 0.866542 , 0.817584 , 0.795894 , 0.727912 , 0.903497 , 0.762915 , 0.721986 , 0.68354 , 0.810694 , 0.880566 , 0.806574 , 0.828175 , 0.9934
6 , 0.839901 , 0.719571 , 0.793654 , -0.824333 , 0.99321 , 0.766243 , 0.977099 , 0.889799 , 0.99862 , 0.861014 , 0.603288 , 0.72107 , 0.542771 , 0.825795 , 0.504204 , 0.797779 , 0.443967 , 0.764329 , 0.40422 , 0.517788 , 0.713449 , 0.828335 , 0.838285 , 0.800014 , 0.765971 , 0.701061 , 0.752192 , 0.749218 , 0.750772 , 0.827655 , 0.694661 , 0.932628 , 0.686968 , 0.879278 , 0.816974 , 0.808444 , 0.693449 , 0.879706 , 0.983149 , 0.731372
7 , -0.740792 , 0.67674 , 0.900847 , 0.988944 , 0.697151 , 0.971199 , -0.847185 , -0.781593 , 0.67258 , 0.861356 , 0.645164 , 0.793231 , 0.746211 , 0.673599 , 0.886774 , 0.685397 , 0.532447 , 0.500375 , 0.538939 , 0.759205 , 0.828947 , 0.899127 , 0.796994 , 0.941218 , 0.872492 , 0.840615 , 0.962389 , 0.766329 , 0.950019 , 0.802314 , 0.858296 , 0.775043 , 0.827579 , 0.846235 , 0.710341 , 0.929098 , 0.988032 , 0.853516 , 0.960069 , 0.886537
8 , 0.825301 , 0.735102 , 0.99825 , -0.720521 , 0.950308 , 0.930048 , 0.99216 , 0.92824 , -0.99699 , -0.874382 , 0.76888 , 0.800247 , 0.733996 , 0.738902 , 0.878004 , 0.42619 , 0.936971 , 0.710206 , 0.647618 , 0.896075 , 0.925608 , 0.99706 , 0.706665 , 0.894087 , 0.796828 , 0.831095 , 0.879596 , 0.719785 , 0.67416 , 0.964359 , 0.769623 , 0.722212 , 0.737674 , 0.885695 , 0.99855 , 0.816624 , 0.915215 , 0.793674 , 0.830485 , 0.702411
9 , 0.740592 , 0.856356 , 0.792264 , 0.823427 , 0.965879 , 0.913537 , -0.897407 , 0.778993 , 0.834065 , 0.890229 , 0.955799 , 0.633939 , 0.983625 , 0.601644 , 0.920818 , 0.995953 , 0.532896 , 0.755168 , 0.922498 , 0.759568 , 0.941174 , 0.700961 , 0.854844 , 0.936608 , 0.912349 , 0.974109 , 0.896427 , 0.874124 , 0.945998 , 0.803444 , 0.804484 , 0.708211 , 0.80477 , 0.973007 , 0.884786 , 0.747062 , 0.768713 , 0.67921 , 0.950778 , 0.757343

t = 7
N_ID / N_ID , 0 , 1 , 2 , 3 , 4 , 5 , 6 , 7 , 8 , 9 , 10 , 11 , 12 , 13 , 14 , 15 , 16 , 17 , 18 , 19 , 20 , 21 , 22 , 23 , 24 , 25 , 26 , 27 , 28 , 29 , 30 , 31 , 32 , 33 , 34 , 35 , 36 , 37 , 38 , 39
0 , -0.993856 , 0.831411 , 0.883236 , 0.934328 , -0.831755 , 0.938398 , 0.74036 , 0.882083 , 0.846099 , 0.807111 , 0.797356 , 0.852895 , 0.668256 , 0.878796 , 0.520454 , 0.960968 , 0.943905 , 0.965858 , 0.937623 , 0.920235 , 0.844878 , 0.74804 , 0.799079 , 0.756609 , 0.93107 , 0.977935 , 0.834139 , 0.863177 , 0.833315 , 0.93007 , 0.81357 , 0.915549 , 0.841422 , 0.794221 , 0.738144 , 0.953231 , 0.835073 , 0.877772 , 0.75108 , 0.987728
1 , 0.742407 , 0.827323 , 0.915165 , 0.759969 , -0.975103 , 0.914061 , 0.992224 , -0.897522 , 0.853043 , 0.866634 , 0.889247 , 0.729682 , 0.49927 , 0.672443 , 0.871441 , 0.384188 , 0.97478 , 0.659708 , 0.522064 , 0.66053 , 0.77202 , 0.781713 , 0.818722 , 0.769081 , 0.754887 , 0.988568 , 0.877732 , 0.909887 , 0.81541 , 0.79813 , 0.973879 , 0.926246 , 0.913068 , 0.922105 , 0.789442 , 0.86094 , 0.930425 , 0.934214 , 0.9972 , 0.915749
2 , 0.797109 , 0.81297 , 0.762473 , 0.813999 , 0.895269 , 0.963711 , 0.949222 , 0.780219 , 0.87822 , 0.921407 , 0.693003 , 0.751483 , 0.447893 , 0.704482 , 0.418127 , 0.76059 , 0.967171 , 0.983656 , 0.767521 , 0.500863 , 0.8564 , 0.780817 , 0.816649 , 0.995768 , 0.808892 , 0.886189 , 0.943894 , 0.79293 , 0.791682 , 0.813202 , 0.975863 , 0.990488 , 0.847824 , 0.831267 , 0.931374 , 0.885789 , 0.771649 , 0.98964 , 0.936534 , 0.777745
3 , -0.876905 , 0.741424 , 0.759329 , 0.906141 , 0.822715 , 0.79097 , 0.830931 , 0.824295 , 0.877548 , 0.893936 , 0.725192 , 0.724804 , 0.687819 , 0.716879 , 0.560123 , 0.753477 , 0.857777 , 0.522439 , 0.961811 , 0.683503 , 0.942385 , 0.921782 , 0.839227 , 0.772577 , 0.986124 , 0.935966 , 0.906181 , 0.802848 , 0.764009 , 0.953375 , 0.796394 , 0.894053 , 0.946565 , 0.943825 , 0.909285 , 0.892565 , 0.861474 , 0.762361 , 0.960495 , 0.81345
4 , 0.874334 , 0.87526 , 0.885677 , 0.859217 , 0.913925 , 0.746504 , 0.852668 , 0.752538 , 0.80669 , -0.930611 , 0.771431 , 0.616379 , 0.547256 , 0.694094 , 0.876832 , 0.745137 , 0.733492 , 0.724663 , 0.870787 , 0.511126 , 0.771988 , 0.753592 , 0.924262 , 0.911837 , 0.799535 , 0.797122 , 0.755425 , 0.921151 , 0.927862 , 0.907221 , 0.755953 , 0.959087 , 0.86298 , 0.943187 , 0.809074 , 0.992616 , 0.856394 , 0.93663 , 0.782129 , 0.989992
5 , 0.792917 , 0.933998 , 0.868972 , 0.940064 , 0.87742 , 0.882844 , 0.863412 , -0.819791 , 0.931126 , 0.800604 , 0.99955 , 0.537226 , 0.505551 , 0.595091 , 0.479457 , 0.538818 , 0.629973 , 0.633614 , 0.689969 , 0.881337 , 0.798306 , 0.943766 , 0.931398 , 0.942566 , 0.745971 , 0.908469 , 0.748224 , 0.893234 , 0.854068 , 0.836715 , 0.782329 , 0.922798 , 0.810332 , 0.777588 , 0.746832 , 0.848555 , 0.904453 , 0.845259 , 0.86254 , 0.99472
6 , 0.871921 , 0.775657 , 0.834923 , -0.859466 , 0.994568 , 0.812994 , 0.981679 , 0.911839 , 0.998896 , 0.888811 , 0.603288 , 0.72107 , 0.542771 , 0.860636 , 0.504204 , 0.797779 , 0.555174 , 0.811463 , 0.523376 , 0.517788 , 0.770759 , 0.862668 , 0.870628 , 0.840011 , 0.812777 , 0.760849 , 0.801754 , 0.799375 , 0.800618 , 0.862124 , 0.755729 , 0.946102 , 0.749575 , 0.903423 , 0.85358 , 0.846755 , 0.754759 , 0.903765 , 0.98652 , 0.785097
7 , -0.792634 , 0.741392 , 0.920678 , 0.991155 , 0.757721 , 0.976959 , -0.877748 , -0.825275 , 0.738064 , 0.889085 , 0.645164 , 0.793231 , 0.746211 , 0.73888 , 0.886774 , 0.685397 , 0.625957 , 0.6003 , 0.631151 , 0.759205 , 0.863157 , 0.919302 , 0.837595 , 0.952975 , 0.897994 , 0.872492 , 0.969911 , 0.813063 , 0.960015 , 0.841851 , 0.886637 , 0.820035 , 0.862063 , 0.876988 , 0.768273 , 0.943278 , 0.990425 , 0.882812 , 0.968055 , 0.909229
8 , 0.860241 , 0.788082 , 0.9986 , -0.776417 , 0.960247 , 0.944038 , 0.993728 , 0.942592 , -0.997592 , -0.899506 , 0.76888 , 0.800247 , 0.733996 , 0.791122 , 0.878004 , 0.42619 , 0.949577 , 0.768165 , 0.718095 , 0.896075 , 0.940486 , 0.997648 , 0.765332 , 0.915269 , 0.837462 , 0.864876 , 0.903677 , 0.775828 , 0.739328 , 0.971487 , 0.815698 , 0.777769 , 0.790139 , 0.908556 , 0.99884 , 0.853299 , 0.932172 , 0.834939 , 0.864388 , 0.761929
9 , 0.792474 , 0.885085 , 0.833811 , 0.858741 , 0.972703 , 0.93083 , -0.917925 , 0.823195 , 0.867252 , 0.912183 , 0.955799 , 0.633939 , 0.983625 , 0.681315 , 0.920818 , 0.995953 , 0.626317 , 0.804135 , 0.937998 , 0.759568 , 0.952939 , 0.760769 , 0.883875 , 0.949286 , 0.929879 , 0.979287 , 0.917141 , 0.899299 , 0.956799 , 0.842755 , 0.843587 , 0.766569 , 0.843816 , 0.978406 , 0.907829 , 0.79765 , 0.81497 , 0.743368 , 0.960623 , 0.805874

t = 8
N_ID / N_ID , 0 , 1 , 2 , 3 , 4 , 5 , 6 , 7 , 8 , 9 , 10 , 11 , 12 , 13 , 14 , 15 , 16 , 17 , 18 , 19 , 20 , 21 , 22 , 23 , 24 , 25 , 26 , 27 , 28 , 29 , 30 , 31 , 32 , 33 , 34 , 35 , 36 , 37 , 38 , 39
0 , -0.995085 , 0.865129 , 0.906589 , 0.947462 , -0.865404 , 0.950719 , 0.792288 , 0.905666 , 0.876879 , 0.845689 , 0.837885 , 0.882316 , 0.668256 , 0.903037 , 0.616363 , 0.968774 , 0.955124 , 0.972687 , 0.950099 , 0.936188 , 0.875903 , 0.798432 , 0.839263 , 0.805287 , 0.944856 , 0.982348 , 0.867311 , 0.890541 , 0.866652 , 0.944056 , 0.850856 , 0.93244 , 0.873138 , 0.835377 , 0.790515 , 0.962584 , 0.868059 , 0.902218 , 0.800864 , 0.990182
1 , 0.793925 , 0.861858 , 0.932132 , 0.807975 , -0.980083 , 0.931249 , 0.993779 , -0.918017 , 0.882435 , 0.893307 , 0.911397 , 0.783746 , 0.49927 , 0.737954 , 0.897153 , 0.507351 , 0.979824 , 0.727767 , 0.617651 , 0.728424 , 0.817616 , 0.825371 , 0.854978 , 0.815265 , 0.80391 , 0.990854 , 0.902186 , 0.927909 , 0.852328 , 0.838504 , 0.979103 , 0.940997 , 0.930454 , 0.937684 , 0.831553 , 0.888752 , 0.94434 , 0.947371 , 0.99776 , 0.9326
2 , 0.837687 , 0.850376 , 0.809978 , 0.851199 , 0.916215 , 0.970969 , 0.959378 , 0.824175 , 0.902576 , 0.937126 , 0.754403 , 0.801186 , 0.447893 , 0.763585 , 0.534501 , 0.808472 , 0.973737 , 0.986925 , 0.814017 , 0.60069 , 0.88512 , 0.824654 , 0.853319 , 0.996614 , 0.847113 , 0.908951 , 0.955115 , 0.834344 , 0.833345 , 0.850562 , 0.980691 , 0.99239 , 0.878259 , 0.865013 , 0.945099 , 0.908631 , 0.817319 , 0.991712 , 0.949227 , 0.822196
3 , -0.901524 , 0.793139 , 0.807463 , 0.924913 , 0.858172 , 0.832776 , 0.864745 , 0.859436 , 0.902039 , 0.915149 , 0.780153 , 0.779843 , 0.687819 , 0.773503 , 0.648099 , 0.802781 , 0.886222 , 0.617951 , 0.969449 , 0.746802 , 0.953908 , 0.937425 , 0.871382 , 0.818062 , 0.988899 , 0.948773 , 0.924945 , 0.842279 , 0.811207 , 0.9627 , 0.837115 , 0.915242 , 0.957252 , 0.95506 , 0.927428 , 0.914052 , 0.889179 , 0.809889 , 0.968396 , 0.85076
4 , 0.899467 , 0.900208 , 0.908541 , 0.887373 , 0.93114 , 0.797203 , 0.882134 , 0.80203 , 0.845352 , -0.944489 , 0.817144 , 0.693103 , 0.547256 , 0.755275 , 0.901466 , 0.796109 , 0.786793 , 0.779731 , 0.896629 , 0.608901 , 0.817591 , 0.802874 , 0.939409 , 0.92947 , 0.839628 , 0.837697 , 0.80434 , 0.936921 , 0.942289 , 0.925777 , 0.804762 , 0.967269 , 0.890384 , 0.95455 , 0.847259 , 0.994093 , 0.885115 , 0.949304 , 0.825704 , 0.991993
5 , 0.834334 , 0.947198 , 0.895178 , 0.952051 , 0.901936 , 0.906276 , 0.890729 , -0.855833 , 0.944901 , 0.840483 , 0.99964 , 0.629781 , 0.505551 , 0.676073 , 0.583565 , 0.631054 , 0.703978 , 0.706891 , 0.751975 , 0.90507 , 0.838645 , 0.955013 , 0.945118 , 0.954053 , 0.796777 , 0.926775 , 0.798579 , 0.914587 , 0.883254 , 0.869372 , 0.825863 , 0.938238 , 0.848265 , 0.822071 , 0.797466 , 0.878844 , 0.923562 , 0.876207 , 0.890032 , 0.995776
6 , 0.897537 , 0.820526 , 0.867938 , -0.887573 , 0.995654 , 0.850395 , 0.985344 , 0.929471 , 0.999117 , 0.911049 , 0.68263 , 0.776856 , 0.542771 , 0.888509 , 0.603363 , 0.838223 , 0.644139 , 0.84917 , 0.618701 , 0.614231 , 0.816608 , 0.890134 , 0.896502 , 0.872009 , 0.850221 , 0.808679 , 0.841403 , 0.8395 , 0.840494 , 0.889699 , 0.804583 , 0.956882 , 0.79966 , 0.922738 , 0.882864 , 0.877404 , 0.803807 , 0.923012 , 0.989216 , 0.828078
7 , -0.834107 , 0.793114 , 0.936542 , 0.992924 , 0.806176 , 0.981568 , -0.902199 , -0.86022 , 0.790451 , 0.911268 , 0.716131 , 0.834585 , 0.746211 , 0.791104 , 0.909419 , 0.748317 , 0.700766 , 0.68024 , 0.704921 , 0.807364 , 0.890526 , 0.935441 , 0.870076 , 0.96238 , 0.918395 , 0.897994 , 0.975929 , 0.85045 , 0.968012 , 0.873481 , 0.909309 , 0.856028 , 0.88965 , 0.901591 , 0.814618 , 0.954623 , 0.99234 , 0.90625 , 0.974444 , 0.927383
8 , 0.888192 , 0.830465 , 0.99888 , -0.821134 , 0.968197 , 0.955231 , 0.994982 , 0.954073 , -0.998074 , -0.919605 , 0.815104 , 0.840198 , 0.733996 , 0.832897 , 0.902403 , 0.540952 , 0.959661 , 0.814532 , 0.774476 , 0.91686 , 0.952389 , 0.998118 , 0.812266 , 0.932216 , 0.86997 , 0.891901 , 0.922942 , 0.820663 , 0.791462 , 0.97719 , 0.852559 , 0.822215 , 0.832111 , 0.926844 , 0.999072 , 0.88264 , 0.945738 , 0.867951 , 0.89151 , 0.809543
9 , 0.833979 , 0.908068 , 0.867049 , 0.886993 , 0.978163 , 0.944664 , -0.93434 , 0.858556 , 0.893802 , 0.929746 , 0.964639 , 0.707151 , 0.983625 , 0.745052 , 0.936654 , 0.996762 , 0.701053 , 0.843308 , 0.950399 , 0.807654 , 0.962352 , 0.808615 , 0.9071 , 0.959429 , 0.943904 , 0.98343 , 0.933713 , 0.919439 , 0.965439 , 0.874204 , 0.87487 , 0.813255 , 0.875053 , 0.982725 , 0.926263 , 0.83812 , 0.851976 , 0.794695 , 0.968498 , 0.844699

t = 9
N_ID / N_ID , 0 , 1 , 2 , 3 , 4 , 5 , 6 , 7 , 8 , 9 , 10 , 11 , 12 , 13 , 14 , 15 , 16 , 17 , 18 , 19 , 20 , 21 , 22 , 23 , 24 , 25 , 26 , 27 , 28 , 29 , 30 , 31 , 32 , 33 , 34 , 35 , 36 , 37 , 38 , 39
0 , -0.996068 , 0.892103 , 0.925271 , 0.95797 , -0.892323 , 0.960575 , 0.83383 , 0.924533 , 0.901504 , 0.876551 , 0.837885 , 0.882316 , 0.668256 , 0.92243 , 0.616363 , 0.968774 , 0.964099 , 0.972687 , 0.960079 , 0.94895 , 0.900722 , 0.838746 , 0.87141 , 0.84423 , 0.955885 , 0.985879 , 0.893849 , 0.912433 , 0.893322 , 0.955245 , 0.880685 , 0.945952 , 0.89851 , 0.868301 , 0.832412 , 0.970068 , 0.894447 , 0.921774 , 0.840691 , 0.992146
1 , 0.83514 , 0.889487 , 0.945706 , 0.84638 , -0.984066 , 0.944999 , 0.995023 , -0.934414 , 0.905948 , 0.914646 , 0.911397 , 0.783746 , 0.49927 , 0.790364 , 0.897153 , 0.507351 , 0.98386 , 0.727767 , 0.694121 , 0.782739 , 0.854093 , 0.860297 , 0.883982 , 0.852212 , 0.843128 , 0.992683 , 0.921749 , 0.942328 , 0.881863 , 0.870803 , 0.983283 , 0.952797 , 0.944363 , 0.950147 , 0.865243 , 0.911001 , 0.955472 , 0.957897 , 0.998208 , 0.94608
2 , 0.87015 , 0.880301 , 0.847983 , 0.880959 , 0.932972 , 0.976775 , 0.967502 , 0.85934 , 0.922061 , 0.949701 , 0.754403 , 0.801186 , 0.447893 , 0.810868 , 0.534501 , 0.808472 , 0.978989 , 0.986925 , 0.851213 , 0.680552 , 0.908096 , 0.859723 , 0.882655 , 0.997291 , 0.877691 , 0.927161 , 0.964092 , 0.867475 , 0.866676 , 0.880449 , 0.984553 , 0.993912 , 0.902608 , 0.892011 , 0.956079 , 0.926905 , 0.853855 , 0.993369 , 0.959382 , 0.857757
3 , -0.921219 , 0.834511 , 0.84597 , 0.93993 , 0.886537 , 0.866221 , 0.891796 , 0.887549 , 0.921631 , 0.932119 , 0.780153 , 0.779843 , 0.687819 , 0.818802 , 0.648099 , 0.802781 , 0.908977 , 0.617951 , 0.975559 , 0.797442 , 0.963127 , 0.94994 , 0.897105 , 0.854449 , 0.99112 , 0.959018 , 0.939956 , 0.873823 , 0.848966 , 0.97016 , 0.869692 , 0.932194 , 0.965801 , 0.964048 , 0.941943 , 0.931241 , 0.911343 , 0.847911 , 0.974717 , 0.880608
4 , 0.919574 , 0.920167 , 0.926833 , 0.909899 , 0.944912 , 0.837763 , 0.905707 , 0.841624 , 0.876282 , -0.955591 , 0.817144 , 0.693103 , 0.547256 , 0.80422 , 0.901466 , 0.796109 , 0.829435 , 0.779731 , 0.917303 , 0.68712 , 0.854072 , 0.842299 , 0.951527 , 0.943576 , 0.871702 , 0.870158 , 0.843472 , 0.949537 , 0.953832 , 0.940621 , 0.84381 , 0.973816 , 0.912307 , 0.96364 , 0.877807 , 0.995274 , 0.908092 , 0.959443 , 0.860563 , 0.993595
5 , 0.867467 , 0.957759 , 0.916142 , 0.961641 , 0.921549 , 0.92502 , 0.912584 , -0.884666 , 0.955921 , 0.872386 , 0.99964 , 0.629781 , 0.505551 , 0.740858 , 0.583565 , 0.631054 , 0.763183 , 0.706891 , 0.80158 , 0.924056 , 0.870916 , 0.96401 , 0.956095 , 0.963242 , 0.837422 , 0.94142 , 0.838864 , 0.93167 , 0.906603 , 0.895498 , 0.860691 , 0.95059 , 0.878612 , 0.857657 , 0.837973 , 0.903075 , 0.93885 , 0.900966 , 0.912025 , 0.996621
6 , 0.918029 , 0.856421 , 0.894351 , -0.910058 , 0.996523 , 0.880316 , 0.988275 , 0.943577 , 0.999293 , 0.928839 , 0.68263 , 0.776856 , 0.542771 , 0.910807 , 0.603363 , 0.838223 , 0.715311 , 0.84917 , 0.694961 , 0.691385 , 0.853286 , 0.912107 , 0.917202 , 0.897607 , 0.880177 , 0.846943 , 0.873123 , 0.8716 , 0.872395 , 0.911759 , 0.843666 , 0.965505 , 0.839728 , 0.938191 , 0.906291 , 0.901923 , 0.843046 , 0.93841 , 0.991373 , 0.862462
7 , -0.867286 , 0.834491 , 0.949234 , 0.994339 , 0.844941 , 0.985254 , -0.921759 , -0.888176 , 0.832361 , 0.929014 , 0.716131 , 0.834585 , 0.746211 , 0.832883 , 0.909419 , 0.748317 , 0.760613 , 0.68024 , 0.763937 , 0.845891 , 0.912421 , 0.948353 , 0.896061 , 0.969904 , 0.934716 , 0.918395 , 0.980743 , 0.88036 , 0.974409 , 0.898785 , 0.927447 , 0.884822 , 0.91172 , 0.921272 , 0.851695 , 0.963698 , 0.993872 , 0.925 , 0.979555 , 0.941907
8 , 0.910554 , 0.864372 , 0.999104 , -0.856907 , 0.974558 , 0.964184 , 0.995986 , 0.963259 , -0.998459 , -0.935684 , 0.815104 , 0.840198 , 0.733996 , 0.866318 , 0.902403 , 0.540952 , 0.967729 , 0.814532 , 0.81958 , 0.933488 , 0.961911 , 0.998495 , 0.849813 , 0.945772 , 0.895976 , 0.913521 , 0.938353 , 0.85653 , 0.83317 , 0.981752 , 0.882047 , 0.857772 , 0.865689 , 0.941476 , 0.999258 , 0.906112 , 0.95659 , 0.894361 , 0.913208 , 0.847634
9 , 0.867183 , 0.926454 , 0.893639 , 0.909594 , 0.98253 , 0.955731 , -0.947472 , 0.886845 , 0.915041 , 0.943797 , 0.964639 , 0.707151 , 0.983625 , 0.796042 , 0.936654 , 0.996762 , 0.760843 , 0.843308 , 0.960319 , 0.846123 , 0.969881 , 0.846892 , 0.92568 , 0.967543 , 0.955123 , 0.986744 , 0.946971 , 0.935552 , 0.972351 , 0.899363 , 0.899896 , 0.850604 , 0.900042 , 0.98618 , 0.941011 , 0.870496 , 0.881581 , 0.835756 , 0.974799 , 0.875759

